local r2_1 = game:GetService("ReplicatedStorage")
local r1_1 = require(r2_1.Effect.Container.Death)
local r2_1 = function()
  -- line: [0, 0] id: 546
  return
end
hookfunction(r1_1, r2_1)
r2_1 = game:GetService("ReplicatedStorage")
r1_1 = require(r2_1.Effect.Container.Respawn)
local r2_1 = function()
  -- line: [0, 0] id: 308
  return
end
hookfunction(r1_1, r2_1)
if game.PlaceId ~= 2753915549 then
  if game.PlaceId ~= 85211729168715 then
    World1 = false
    if game.PlaceId ~= 4442272183 then
      if game.PlaceId ~= 79091703265657 then
        World2 = false
        if game.PlaceId ~= 7449423635 then
          if game.PlaceId ~= 1.0011733112309e+014 then
            World3 = false
            function MaterialMon()
              -- line: [0, 0] id: 451
              if _G.SelectMaterial ~= "Radiactive Material" then
                if _G.SelectMaterial ~= "Leather + Scrap Metal" then
                  if _G.SelectMaterial ~= "Magma Ore" then
                    if _G.SelectMaterial ~= "Fish Tail" then
                      if _G.SelectMaterial == "Angel Wings" then
                        MMon = "Royal Soldier"
                        local r0_451 = CFrame.new(-7759.45898, 5606.93652, -1862.70276, -0.866007447, 0, -0.500031412, 0, 1, 0, 0.500031412, 0, -0.866007447)
                        MPos = r0_451
                        SP = "SkyArea2"
                      end
                      if _G.SelectMaterial == "Mystic Droplet" then
                        MMon = "Water Fighter"
                        r0_451 = CFrame.new(-3331.70459, 239.138336, -10553.3564, -0.29242146, 0, 0.95628953, 0, 1, 0, -0.95628953, 0, -0.29242146)
                        MPos = r0_451
                        SP = "ForgottenIsland"
                      end
                      if _G.SelectMaterial == "Vampire Fang" then
                        MMon = "Vampire"
                        r0_451 = CFrame.new(-6132.39453, 9.00769424, -1466.16919, -0.927179813, 0, -0.374617696, 0, 1, 0, 0.374617696, 0, -0.927179813)
                        MPos = r0_451
                        SP = "Graveyard"
                      end
                      if _G.SelectMaterial == "Gunpowder" then
                        MMon = "Pistol Billionaire"
                        r0_451 = CFrame.new(-185.693283, 84.7088699, 6103.62744, 0.90629667, 0, -0.422642082, 0, 1, 0, 0.422642082, 0, 0.90629667)
                        MPos = r0_451
                        SP = "Mansion"
                      end
                      if _G.SelectMaterial ~= "Mini Tusk" then
                        if _G.SelectMaterial == "Conjured Cocoa" then
                          MMon = "Chocolate Bar Battler"
                          r0_451 = CFrame.new(582.828674, 25.5824986, -12550.7041, -0.766061664, 0, -0.642767608, 0, 1, 0, 0.642767608, 0, -0.766061664)
                          MPos = r0_451
                          SP = "Chocolate"
                        end
                        MMon = "Mythological Pirate"
                        r0_451 = CFrame.new(-13456.0498, 469.433228, -7039.96436, 0, 0, 1, 0, 1, 0, -1, 0, 0)
                        MPos = r0_451
                        SP = "BigMansion"
                      end
                      if game.PlaceId == 2753915549 then
                        MMon = "Fishman Warrior"
                        r0_451 = CFrame.new(60943.9023, 17.9492188, 1744.11133, 0.826706648, 0, -0.562633216, 0, 1, 0, 0.562633216, 0, 0.826706648)
                        MPos = r0_451
                        SP = "Underwater City"
                        MMon = "Fishman Commando"
                        r0_451 = CFrame.new(61760.8984, 18.0800781, 1460.11133, -0.632549644, 0, -0.774520278, 0, 1, 0, 0.774520278, 0, -0.632549644)
                        MPos = r0_451
                        SP = "Underwater City"
                      end
                      if game.PlaceId == 7449423635 then
                        MMon = "Fishman Captain"
                        r0_451 = CFrame.new(-10828.1064, 331.825989, -9049.14648, -0.0912091732, 0, 0.995831788, 0, 1, 0, -0.995831788, 0, -0.0912091732)
                        MPos = r0_451
                        SP = "PineappleTown"
                      end
                      if game.PlaceId == 2753915549 then
                        MMon = "Military Soldier"
                        r0_451 = CFrame.new(-5565.60156, 9.10001755, 8327.56934, -0.838688731, 0, -0.544611216, 0, 1, 0, 0.544611216, 0, -0.838688731)
                        MPos = r0_451
                        SP = "Magma"
                        MMon = "Military Spy"
                        r0_451 = CFrame.new(-5806.70068, 78.5000458, 8904.46973, 0.707134247, 0, 0.707079291, 0, 1, 0, -0.707079291, 0, 0.707134247)
                        MPos = r0_451
                        SP = "Magma"
                      end
                      if game.PlaceId == 4442272183 then
                        MMon = "Lava Pirate"
                        r0_451 = CFrame.new(-5158.77051, 14.4791956, -4654.2627, -0.848060489, 0, -0.529899538, 0, 1, 0, 0.529899538, 0, -0.848060489)
                        MPos = r0_451
                        SP = "CircleIslandFire"
                      end
                      if game.PlaceId == 2753915549 then
                        MMon = "Pirate"
                        r0_451 = CFrame.new(-967.433105, 13.5999937, 4034.24707, -0.258864403, 0, -0.965913713, 0, 1, 0, 0.965913713, 0, -0.258864403)
                        MPos = r0_451
                        SP = "Pirate"
                        MMon = "Brute"
                        r0_451 = CFrame.new(-1191.41235, 15.5999985, 4235.50928, 0.629286051, 0, -0.777173758, 0, 1, 0, 0.777173758, 0, 0.629286051)
                        MPos = r0_451
                        SP = "Pirate"
                      end
                      if game.PlaceId ~= 4442272183 then
                        if game.PlaceId == 7449423635 then
                          MMon = "Pirate Millionaire"
                          r0_451 = CFrame.new(-118.809372, 55.4874573, 5649.17041, -0.965929747, 0, 0.258804798, 0, 1, 0, -0.258804798, 0, -0.965929747)
                          MPos = r0_451
                          SP = "Default"
                        end
                        MMon = "Mercenary"
                        r0_451 = CFrame.new(-986.774475, 72.8755951, 1088.44653, -0.656062722, 0, 0.754706323, 0, 1, 0, -0.754706323, 0, -0.656062722)
                        MPos = r0_451
                        SP = "DressTown"
                      end
                      MMon = "Factory Staff"
                      r0_451 = CFrame.new(-105.889565, 72.8076935, -670.247986, -0.965929747, 0, -0.258804798, 0, 1, 0, 0.258804798, 0, -0.965929747)
                      MPos = r0_451
                      SP = "Bar"
                    end
                  end
                end
              end
              return
            end
            function CheckQuest()
              -- line: [0, 0] id: 472
              local r0_472 = game:GetService("Players")
              MyLevel = r0_472.LocalPlayer.Data.Level.Value
              if not World1 then
                if 1 <= MyLevel then
                  if MyLevel > 9 then
                  end
                  if SelectMonster == "Bandit" then
                  end
                  Mon = "Bandit"
                  LevelQuest = 1
                  NameQuest = "BanditQuest1"
                  NameMon = "Bandit"
                  r0_472 = CFrame.new(1059.37195, 15.4495068, 1550.4231, 0.939700544, 0, -0.341998369, 0, 1, 0, 0.341998369, 0, 0.939700544)
                  CFrameQuest = r0_472
                  r0_472 = CFrame.new(1045.9626464844, 27.002508163452, 1560.8203125)
                  CFrameMon = r0_472
                end
                if MyLevel >= 10 then
                  if 14 < MyLevel then
                  end
                  if SelectMonster ~= "Monkey" then
                    if MyLevel >= 15 then
                      if 29 < MyLevel then
                      end
                      if SelectMonster ~= "Gorilla" then
                        if MyLevel >= 30 then
                          if 39 < MyLevel then
                          end
                          if SelectMonster ~= "Pirate" then
                            if MyLevel >= 40 then
                              if 59 < MyLevel then
                              end
                              if SelectMonster ~= "Brute" then
                                if 60 <= MyLevel then
                                  if MyLevel > 74 then
                                  end
                                  if SelectMonster == "Desert Bandit" then
                                  end
                                  Mon = "Desert Bandit"
                                  LevelQuest = 1
                                  NameQuest = "DesertQuest"
                                  NameMon = "Desert Bandit"
                                  r0_472 = CFrame.new(894.488647, 5.14000702, 4392.43359, 0.819155693, 0, -0.573571265, 0, 1, 0, 0.573571265, 0, 0.819155693)
                                  CFrameQuest = r0_472
                                  r0_472 = CFrame.new(924.7998046875, 6.4486746788025, 4481.5859375)
                                  CFrameMon = r0_472
                                end
                                if MyLevel >= 75 then
                                  if 89 < MyLevel then
                                  end
                                  if SelectMonster ~= "Desert Officer" then
                                    if MyLevel >= 90 then
                                      if 99 < MyLevel then
                                      end
                                      if SelectMonster ~= "Snow Bandit" then
                                        if 100 <= MyLevel then
                                          if MyLevel > 119 then
                                          end
                                          if SelectMonster == "Snowman" then
                                          end
                                          Mon = "Snowman"
                                          LevelQuest = 2
                                          NameQuest = "SnowQuest"
                                          NameMon = "Snowman"
                                          r0_472 = CFrame.new(1389.74451, 88.1519318, -1298.90796, -0.342042685, 0, 0.939684391, 0, 1, 0, -0.939684391, 0, -0.342042685)
                                          CFrameQuest = r0_472
                                          r0_472 = CFrame.new(1201.6412353516, 144.57958984375, -1550.0670166016)
                                          CFrameMon = r0_472
                                        end
                                        if MyLevel >= 120 then
                                          if 149 < MyLevel then
                                          end
                                          if SelectMonster ~= "Chief Petty Officer" then
                                            if MyLevel >= 150 then
                                              if 174 < MyLevel then
                                              end
                                              if SelectMonster ~= "Sky Bandit" then
                                                if MyLevel >= 175 then
                                                  if 189 < MyLevel then
                                                  end
                                                  if SelectMonster ~= "Dark Master" then
                                                    if 190 <= MyLevel then
                                                      if MyLevel > 209 then
                                                      end
                                                      if SelectMonster == "Prisoner" then
                                                      end
                                                      Mon = "Prisoner"
                                                      LevelQuest = 1
                                                      NameQuest = "PrisonerQuest"
                                                      NameMon = "Prisoner"
                                                      r0_472 = CFrame.new(5308.93115, 1.65517521, 475.120514, -0.0894274712, -5.00292918e-009, -0.995993316, 1.60817859e-009, 1, -5.16744869e-009, 0.995993316, -2.06384709e-009, -0.0894274712)
                                                      CFrameQuest = r0_472
                                                      r0_472 = CFrame.new(5098.9736328125, -0.3204058110714, 474.23733520508)
                                                      CFrameMon = r0_472
                                                    end
                                                    if MyLevel >= 210 then
                                                      if 249 < MyLevel then
                                                      end
                                                      if SelectMonster ~= "Dangerous Prisone" then
                                                        if 250 <= MyLevel then
                                                          if MyLevel > 274 then
                                                          end
                                                          if SelectMonster == "Toga Warrior" then
                                                          end
                                                          Mon = "Toga Warrior"
                                                          LevelQuest = 1
                                                          NameQuest = "ColosseumQuest"
                                                          NameMon = "Toga Warrior"
                                                          r0_472 = CFrame.new(-1580.04663, 6.35000277, -2986.47534, -0.515037298, 0, -0.857167721, 0, 1, 0, 0.857167721, 0, -0.515037298)
                                                          CFrameQuest = r0_472
                                                          r0_472 = CFrame.new(-1820.21484375, 51.683856964111, -2740.6650390625)
                                                          CFrameMon = r0_472
                                                        end
                                                        if MyLevel >= 275 then
                                                          if 299 < MyLevel then
                                                          end
                                                          if SelectMonster ~= "Gladiator" then
                                                            if MyLevel >= 300 then
                                                              if 324 < MyLevel then
                                                              end
                                                              if SelectMonster ~= "Military Soldier" then
                                                                if MyLevel >= 325 then
                                                                  if 374 < MyLevel then
                                                                  end
                                                                  if SelectMonster ~= "Military Spy" then
                                                                    if MyLevel >= 375 then
                                                                      if 399 < MyLevel then
                                                                      end
                                                                      if SelectMonster ~= "Fishman Warrior" then
                                                                        if MyLevel >= 400 then
                                                                          if 449 < MyLevel then
                                                                          end
                                                                          if SelectMonster ~= "Fishman Commando" then
                                                                            if 450 <= MyLevel then
                                                                              if MyLevel > 474 then
                                                                              end
                                                                              if SelectMonster == "God's Guard" then
                                                                              end
                                                                              Mon = "God's Guard"
                                                                              LevelQuest = 1
                                                                              NameQuest = "SkyExp1Quest"
                                                                              NameMon = "God's Guard"
                                                                              r0_472 = CFrame.new(-4721.88867, 843.874695, -1949.96643, 0.996191859, 0, -0.0871884301, 0, 1, 0, 0.0871884301, 0, 0.996191859)
                                                                              CFrameQuest = r0_472
                                                                              r0_472 = CFrame.new(-4710.04296875, 845.27697753906, -1927.3079833984)
                                                                              CFrameMon = r0_472
                                                                              if not _G.AutoFarm then
                                                                                if 10000 < CFrameQuest.Position - game.Players.LocalPlayer.Character.HumanoidRootPart.Position.Magnitude then
                                                                                  r0_472 = game:GetService("ReplicatedStorage")
                                                                                  r0_472.Remotes.CommF_:InvokeServer(r0_472.Remotes.CommF_)
                                                                                end
                                                                                if 475 <= MyLevel then
                                                                                  if MyLevel > 524 then
                                                                                  end
                                                                                  if SelectMonster == "Shanda" then
                                                                                  end
                                                                                  Mon = "Shanda"
                                                                                  LevelQuest = 2
                                                                                  NameQuest = "SkyExp1Quest"
                                                                                  NameMon = "Shanda"
                                                                                  r0_472 = CFrame.new(-7859.09814, 5544.19043, -381.476196, -0.422592998, 0, 0.906319618, 0, 1, 0, -0.906319618, 0, -0.422592998)
                                                                                  CFrameQuest = r0_472
                                                                                  r0_472 = CFrame.new(-7678.4897460938, 5566.4038085938, -497.21560668945)
                                                                                  CFrameMon = r0_472
                                                                                  if not _G.AutoFarm then
                                                                                    if 10000 < CFrameQuest.Position - game.Players.LocalPlayer.Character.HumanoidRootPart.Position.Magnitude then
                                                                                      r0_472 = game:GetService("ReplicatedStorage")
                                                                                      r0_472.Remotes.CommF_:InvokeServer(r0_472.Remotes.CommF_)
                                                                                    end
                                                                                    if 525 <= MyLevel then
                                                                                      if MyLevel > 549 then
                                                                                      end
                                                                                      if SelectMonster == "Royal Squad" then
                                                                                      end
                                                                                      Mon = "Royal Squad"
                                                                                      LevelQuest = 1
                                                                                      NameQuest = "SkyExp2Quest"
                                                                                      NameMon = "Royal Squad"
                                                                                      r0_472 = CFrame.new(-7906.81592, 5634.6626, -1411.99194, 0, 0, -1, 0, 1, 0, 1, 0, 0)
                                                                                      CFrameQuest = r0_472
                                                                                      r0_472 = CFrame.new(-7624.2524414063, 5658.1333007813, -1467.3542480469)
                                                                                      CFrameMon = r0_472
                                                                                    end
                                                                                    if MyLevel >= 550 then
                                                                                      if 624 < MyLevel then
                                                                                      end
                                                                                      if SelectMonster ~= "Royal Soldier" then
                                                                                        if 625 <= MyLevel then
                                                                                          if MyLevel > 649 then
                                                                                          end
                                                                                          if SelectMonster == "Galley Pirate" then
                                                                                          end
                                                                                          Mon = "Galley Pirate"
                                                                                          LevelQuest = 1
                                                                                          NameQuest = "FountainQuest"
                                                                                          NameMon = "Galley Pirate"
                                                                                          r0_472 = CFrame.new(5259.81982, 37.3500175, 4050.0293, 0.087131381, 0, 0.996196866, 0, 1, 0, -0.996196866, 0, 0.087131381)
                                                                                          CFrameQuest = r0_472
                                                                                          r0_472 = CFrame.new(5551.0219726563, 78.901351928711, 3930.4128417969)
                                                                                          CFrameMon = r0_472
                                                                                        end
                                                                                        if 650 > MyLevel then
                                                                                          if SelectMonster == "Galley Captain" then
                                                                                          end
                                                                                          Mon = "Galley Captain"
                                                                                          LevelQuest = 2
                                                                                          NameQuest = "FountainQuest"
                                                                                          NameMon = "Galley Captain"
                                                                                          r0_472 = CFrame.new(5259.81982, 37.3500175, 4050.0293, 0.087131381, 0, 0.996196866, 0, 1, 0, -0.996196866, 0, 0.087131381)
                                                                                          CFrameQuest = r0_472
                                                                                          r0_472 = CFrame.new(5441.9516601563, 42.502059936523, 4950.09375)
                                                                                          CFrameMon = r0_472
                                                                                        end
                                                                                      end
                                                                                      Mon = "Royal Soldier"
                                                                                      LevelQuest = 2
                                                                                      NameQuest = "SkyExp2Quest"
                                                                                      NameMon = "Royal Soldier"
                                                                                      r0_472 = CFrame.new(-7906.81592, 5634.6626, -1411.99194, 0, 0, -1, 0, 1, 0, 1, 0, 0)
                                                                                      CFrameQuest = r0_472
                                                                                      r0_472 = CFrame.new(-7836.7534179688, 5645.6640625, -1790.6236572266)
                                                                                      CFrameMon = r0_472
                                                                                    end
                                                                                  end
                                                                                  Mon = "Fishman Commando"
                                                                                  LevelQuest = 2
                                                                                  NameQuest = "FishmanQuest"
                                                                                  NameMon = "Fishman Commando"
                                                                                  r0_472 = CFrame.new(61122.65234375, 18.497442245483, 1569.3997802734)
                                                                                  CFrameQuest = r0_472
                                                                                  r0_472 = CFrame.new(61922.6328125, 18.482830047607, 1493.9343261719)
                                                                                  CFrameMon = r0_472
                                                                                  if not _G.AutoFarm then
                                                                                    if 10000 < CFrameQuest.Position - game.Players.LocalPlayer.Character.HumanoidRootPart.Position.Magnitude then
                                                                                      r0_472 = game:GetService("ReplicatedStorage")
                                                                                      r0_472.Remotes.CommF_:InvokeServer(r0_472.Remotes.CommF_)
                                                                                    end
                                                                                  end
                                                                                  Mon = "Fishman Warrior"
                                                                                  LevelQuest = 1
                                                                                  NameQuest = "FishmanQuest"
                                                                                  NameMon = "Fishman Warrior"
                                                                                  r0_472 = CFrame.new(61122.65234375, 18.497442245483, 1569.3997802734)
                                                                                  CFrameQuest = r0_472
                                                                                  r0_472 = CFrame.new(60878.30078125, 18.482830047607, 1543.7574462891)
                                                                                  CFrameMon = r0_472
                                                                                  if not _G.AutoFarm then
                                                                                    if 10000 < CFrameQuest.Position - game.Players.LocalPlayer.Character.HumanoidRootPart.Position.Magnitude then
                                                                                      r0_472 = game:GetService("ReplicatedStorage")
                                                                                      r0_472.Remotes.CommF_:InvokeServer(r0_472.Remotes.CommF_)
                                                                                    end
                                                                                  end
                                                                                  Mon = "Military Spy"
                                                                                  LevelQuest = 2
                                                                                  NameQuest = "MagmaQuest"
                                                                                  NameMon = "Military Spy"
                                                                                  r0_472 = CFrame.new(-5313.37012, 10.9500084, 8515.29395, -0.499959469, 0, 0.866048813, 0, 1, 0, -0.866048813, 0, -0.499959469)
                                                                                  CFrameQuest = r0_472
                                                                                  r0_472 = CFrame.new(-5802.8681640625, 86.262413024902, 8828.859375)
                                                                                  CFrameMon = r0_472
                                                                                end
                                                                              end
                                                                              Mon = "Military Soldier"
                                                                              LevelQuest = 1
                                                                              NameQuest = "MagmaQuest"
                                                                              NameMon = "Military Soldier"
                                                                              r0_472 = CFrame.new(-5313.37012, 10.9500084, 8515.29395, -0.499959469, 0, 0.866048813, 0, 1, 0, -0.866048813, 0, -0.499959469)
                                                                              CFrameQuest = r0_472
                                                                              r0_472 = CFrame.new(-5411.1645507813, 11.081554412842, 8454.29296875)
                                                                              CFrameMon = r0_472
                                                                            end
                                                                          end
                                                                          Mon = "Gladiator"
                                                                          LevelQuest = 2
                                                                          NameQuest = "ColosseumQuest"
                                                                          NameMon = "Gladiator"
                                                                          r0_472 = CFrame.new(-1580.04663, 6.35000277, -2986.47534, -0.515037298, 0, -0.857167721, 0, 1, 0, 0.857167721, 0, -0.515037298)
                                                                          CFrameQuest = r0_472
                                                                          r0_472 = CFrame.new(-1292.8381347656, 56.380882263184, -3339.0314941406)
                                                                          CFrameMon = r0_472
                                                                        end
                                                                      end
                                                                      Mon = "Dangerous Prisoner"
                                                                      LevelQuest = 2
                                                                      NameQuest = "PrisonerQuest"
                                                                      NameMon = "Dangerous Prisoner"
                                                                      r0_472 = CFrame.new(5308.93115, 1.65517521, 475.120514, -0.0894274712, -5.00292918e-009, -0.995993316, 1.60817859e-009, 1, -5.16744869e-009, 0.995993316, -2.06384709e-009, -0.0894274712)
                                                                      CFrameQuest = r0_472
                                                                      r0_472 = CFrame.new(5654.5634765625, 15.633401870728, 866.29919433594)
                                                                      CFrameMon = r0_472
                                                                    end
                                                                  end
                                                                  Mon = "Dark Master"
                                                                  LevelQuest = 2
                                                                  NameQuest = "SkyQuest"
                                                                  NameMon = "Dark Master"
                                                                  r0_472 = CFrame.new(-4839.53027, 716.368591, -2619.44165, 0.866007268, 0, 0.500031412, 0, 1, 0, -0.500031412, 0, 0.866007268)
                                                                  CFrameQuest = r0_472
                                                                  r0_472 = CFrame.new(-5259.8447265625, 391.39767456055, -2229.0354003906)
                                                                  CFrameMon = r0_472
                                                                end
                                                              end
                                                              Mon = "Sky Bandit"
                                                              LevelQuest = 1
                                                              NameQuest = "SkyQuest"
                                                              NameMon = "Sky Bandit"
                                                              r0_472 = CFrame.new(-4839.53027, 716.368591, -2619.44165, 0.866007268, 0, 0.500031412, 0, 1, 0, -0.500031412, 0, 0.866007268)
                                                              CFrameQuest = r0_472
                                                              r0_472 = CFrame.new(-4953.20703125, 295.74420166016, -2899.2290039063)
                                                              CFrameMon = r0_472
                                                            end
                                                          end
                                                          Mon = "Chief Petty Officer"
                                                          LevelQuest = 1
                                                          NameQuest = "MarineQuest2"
                                                          NameMon = "Chief Petty Officer"
                                                          r0_472 = CFrame.new(-5039.58643, 27.3500385, 4324.68018, 0, 0, -1, 0, 1, 0, 1, 0, 0)
                                                          CFrameQuest = r0_472
                                                          r0_472 = CFrame.new(-4881.2309570313, 22.652044296265, 4273.7524414063)
                                                          CFrameMon = r0_472
                                                        end
                                                      end
                                                      Mon = "Snow Bandit"
                                                      LevelQuest = 1
                                                      NameQuest = "SnowQuest"
                                                      NameMon = "Snow Bandit"
                                                      r0_472 = CFrame.new(1389.74451, 88.1519318, -1298.90796, -0.342042685, 0, 0.939684391, 0, 1, 0, -0.939684391, 0, -0.342042685)
                                                      CFrameQuest = r0_472
                                                      r0_472 = CFrame.new(1354.3479003906, 87.272773742676, -1393.9465332031)
                                                      CFrameMon = r0_472
                                                    end
                                                  end
                                                  Mon = "Desert Officer"
                                                  LevelQuest = 2
                                                  NameQuest = "DesertQuest"
                                                  NameMon = "Desert Officer"
                                                  r0_472 = CFrame.new(894.488647, 5.14000702, 4392.43359, 0.819155693, 0, -0.573571265, 0, 1, 0, 0.573571265, 0, 0.819155693)
                                                  CFrameQuest = r0_472
                                                  r0_472 = CFrame.new(1608.2822265625, 8.6142244338989, 4371.0073242188)
                                                  CFrameMon = r0_472
                                                end
                                              end
                                              Mon = "Brute"
                                              LevelQuest = 2
                                              NameQuest = "BuggyQuest1"
                                              NameMon = "Brute"
                                              r0_472 = CFrame.new(-1141.07483, 4.10001802, 3831.5498, 0.965929627, 0, -0.258804798, 0, 1, 0, 0.258804798, 0, 0.965929627)
